1901	317
1902	244
1903	289
1904	256
1905	283
1906	294
1907	283
1908	289
1909	278
1910	294
1911	306
1912	322
1913	300
1914	333
1915	294
1916	278
1917	317
1918	322
1919	378
1920	294
1921	283
1922	278
1923	294
1924	294
1925	317
1926	489
1927	489
1928	378
1929	328
1930	400
1931	461
1932	489
1933	489
1934	478
1935	478
1936	550
1937	489
1938	489
1939	489
1940	489
1941	462
1942	479
1943	485
1944	507
1945	496
1946	494
1947	490
1948	601
1949	511
1950	494
1951	511
1952	544
1953	506
1954	506
1955	500
1956	511
1957	489
1958	489
1959	500
1960	490
1961	600
1962	489
1963	489
1964	489
1965	489
1966	506
1967	489
1968	489
1969	474
1970	489
1971	478
1972	483
1973	580
1974	560
1975	561
1976	570
1977	580
1978	550
1979	600
1980	600
1981	580
1982	617
1983	616
1984	617
1985	611
1986	607
1987	607
1988	607
1989	606
1990	607
1991	607
1992	605
1993	567
1994	568
1995	567
1996	561
1997	565
1998	568
1999	568
2000	568
